           bar (min)       n  deseasonalised  rho_r(1)  rho_|r|(1 bar)  S20 (bars)  p_perm  mean ACF (0,1h]  mean ACF (1h,1d]  mean ACF (1d,5d]  mean ACF (5d,10d]  p_perm Holm
series                                                                                                                                                                         
BTC 5m           5.0  735580            True   -0.0311          0.3896      5.5661   0.002           0.2999            0.1844            0.1211             0.0921       0.0359
BTC 5m           5.0  735580           False   -0.0311          0.3902      5.5454   0.002           0.2998            0.1773            0.1162             0.0882       0.0359
BTC 15m         15.0  245176            True   -0.0092          0.3722      4.8913   0.002           0.3171            0.1910            0.1225             0.0912       0.0359
BTC 15m         15.0  245176           False   -0.0092          0.3693      4.8164   0.002           0.3152            0.1850            0.1184             0.0881       0.0359
BTC 30m         30.0  122577            True   -0.0163          0.3292      4.3375   0.002           0.2973            0.1889            0.1232             0.0934       0.0359
BTC 30m         30.0  122577           False   -0.0163          0.3251      4.2081   0.002           0.2950            0.1831            0.1191             0.0902       0.0359
BTC 60m         60.0   61280            True   -0.0180          0.2827      4.0106   0.002           0.2827            0.1907            0.1251             0.0937       0.0359
BTC 60m         60.0   61280           False   -0.0180          0.2836      3.8617   0.002           0.2836            0.1847            0.1207             0.0903       0.0359
BTC 240m       240.0   15301            True   -0.0227          0.2271      3.1409   0.002              NaN            0.1970            0.1392             0.1070       0.0359
BTC 240m       240.0   15301           False   -0.0227          0.2191      3.0131   0.002              NaN            0.1909            0.1333             0.1024       0.0359
BTC 1440m     1440.0    2535           False   -0.0677          0.1571      1.8571   0.002              NaN            0.1571            0.1123             0.0921       0.0359
SPY 5m           5.0    4620            True   -0.0354          0.2290      2.8989   0.002           0.1775            0.0700            0.0320             0.0122       0.0359
SPY 5m           5.0    4620           False   -0.0354          0.2520      2.9072   0.002           0.1826            0.0579            0.0308             0.0111       0.0359
SPY 60m         60.0    4342            True    0.0561          0.3077      4.0545   0.002           0.3077            0.2535            0.1550             0.0820       0.0359
SPY 60m         60.0    4342           False    0.0561          0.2987      4.0136   0.002           0.2987            0.2497            0.1540             0.0806       0.0359
SPX 1d         390.0    9066           False   -0.0794          0.2762      5.3554   0.002              NaN               NaN               NaN                NaN       0.0359
SPX 1w        1950.0    1879           False   -0.0838          0.2986      2.9254   0.002              NaN               NaN               NaN                NaN       0.0359
SPX 1M        8190.0     432           False    0.0025          0.1863      2.1439   0.002              NaN               NaN               NaN                NaN       0.0359
