SPX
DAX
N225
BMW
AAPL
JPM
XOM
USDJPY
GBPUSD
EURUSD
UST10
BRENT
GOLD
BTC
               class     n  rho_r(1)  rho_r(1) CI lo  rho_r(1) CI hi  max|rho_r(2..20)|  rho_|r|(1)    S20  S20 rank  p_perm  p_LjungBox  kurt r  kurt GARCH resid  p_perm Holm
asset                                                                                                                                                                          
SPX     Equity index  9066    -0.079          -0.141          -0.015              0.047       0.276  5.355     3.152     0.0         0.0  10.884             1.995        0.007
DAX     Equity index  9106    -0.007          -0.029           0.018              0.026       0.205  4.559     3.101     0.0         0.0   5.885             4.043        0.007
N225    Equity index  8834    -0.029          -0.051          -0.007              0.023       0.214  3.260     2.051     0.0         0.0   6.162             1.583        0.007
BMW     Single stock  7464     0.020          -0.008           0.047              0.027       0.187  3.416     2.290     0.0         0.0   4.644             2.567        0.007
AAPL    Single stock  9066    -0.016          -0.050           0.019              0.044       0.210  2.833     2.984     0.0         0.0  65.549             9.607        0.007
JPM     Single stock  9066    -0.046          -0.093           0.012              0.029       0.345  5.471     3.569     0.0         0.0  11.947             2.861        0.007
XOM     Single stock  9066    -0.071          -0.124          -0.024              0.046       0.250  4.123     2.393     0.0         0.0   8.078             1.290        0.007
USDJPY            FX  9033     0.005          -0.018           0.029              0.025       0.138  2.143     1.652     0.0         0.0   4.534             2.913        0.007
GBPUSD            FX  9033     0.034           0.005           0.063              0.036       0.156  2.743     1.685     0.0         0.0   7.742             2.016        0.007
EURUSD            FX  6769     0.012          -0.014           0.035              0.024       0.077  2.333     1.728     0.0         0.0   2.485             1.247        0.007
UST10          Rates  9004     0.022          -0.003           0.050              0.033       0.115  2.156     1.681     0.0         0.0   2.438             1.326        0.007
BRENT      Commodity  8247    -0.002          -0.032           0.031              0.052       0.260  3.794     2.288     0.0         0.0  58.425             2.453        0.007
GOLD       Commodity  6358    -0.016          -0.053           0.017              0.038       0.098  2.446     1.682     0.0         0.0   5.129             3.643        0.007
BTC           Crypto  4123    -0.022          -0.064           0.012              0.038       0.209  2.658     2.945     0.0         0.0  11.794            12.245        0.007
        beta[1,100]  beta[5,250]  SSE pow/exp (log-OLS fits)  SSE pow/exp (NLS fits)  GPH d  GPH se  beta_GPH=1-2d  beta subsample  beta standardized  S20 subsample  S20 standardized  frac>GARCH env (full)  frac>GARCH env (sub)  frac>GARCH env (std)  emp - GARCH median, lags 50-100  GARCH-t a+b  GARCH-t nu  long-memory-like
asset                                                                                                                                                                                                                                                                                                                                
SPX           0.393        0.618                       4.939                   3.382  0.427   0.066          0.146           0.467              1.167          4.025             3.010                    0.0                  0.00                 0.000                           -0.007        0.994       6.408             False
DAX           0.298        0.541                       3.781                   2.959  0.485   0.066          0.031           0.347              0.774          3.788             2.793                    0.0                  0.02                 0.000                            0.013        0.992       7.525             False
N225          0.620        0.846                       5.081                   2.928  0.294   0.066          0.412           0.712              1.024          2.741             2.528                    0.0                  0.00                 0.000                           -0.001        0.982       7.371             False
BMW           0.246        0.454                       1.335                   1.236  0.487   0.069          0.025           0.302              0.661          2.911             1.797                    0.0                  0.00                 0.000                           -0.053        0.997       5.723             False
AAPL          0.161        0.159                       0.451                   0.458  0.363   0.066          0.275           0.609              0.909          1.695             1.455                    0.0                  0.00                 0.000                           -0.073        0.999       4.506             False
JPM           0.205        0.502                       1.557                   1.384  0.594   0.066         -0.189           0.355              0.833          3.892             2.561                    0.0                  0.00                 0.000                            0.011        0.997       5.809             False
XOM           0.357        0.488                       2.960                   2.096  0.351   0.066          0.299           0.630              1.048          2.676             2.232                    0.0                  0.00                 0.000                           -0.001        0.993       8.260             False
USDJPY        0.273        0.636                       1.091                   0.999  0.425   0.066          0.150           0.342              0.709          1.697             1.451                    0.0                  0.00                 0.000                           -0.033        0.995       5.133             False
GBPUSD        0.247        0.682                       1.587                   1.401  0.457   0.066          0.087           0.343              0.579          2.138             1.569                    0.0                  0.00                 0.000                            0.009        0.993       7.356             False
EURUSD        0.154        0.556                       1.541                   1.484  0.650   0.071         -0.300           0.192              0.483          2.036             1.539                    0.0                  0.00                 0.000                           -0.081        0.999       8.118             False
UST10         0.248        0.362                       1.540                   1.362  0.549   0.066         -0.098           0.326              0.612          1.739             1.365                    0.0                  0.02                 0.020                           -0.008        0.994       8.856             False
BRENT         0.653        0.868                      28.155                   7.406  0.315   0.068          0.370           0.604              0.890          2.505             2.342                    0.0                  0.00                 0.000                           -0.059        0.993       5.400             False
GOLD          0.260        0.890                       2.027                   1.744  0.449   0.072          0.101           0.373              0.595          1.529             1.560                    0.0                  0.00                 0.020                           -0.008        0.995       4.786             False
BTC           0.479        0.684                       1.960                   1.154  0.340   0.080          0.320           0.523              0.796          2.460             1.933                    0.0                  0.00                 0.039                           -0.005        1.000       3.201             False
        argmax a (lag 1)  boot share a in [.75,1.25] (lag 1)  argmax a (lag 5)  boot share a in [.75,1.25] (lag 5)  argmax a (lag 20)  boot share a in [.75,1.25] (lag 20)  CI width r^2 / |r| (lag 1)
asset                                                                                                                                                                                                 
SPX                 1.50                               0.250              1.50                               0.506               1.00                                0.910                       1.599
DAX                 1.00                               0.954              1.25                               0.886               1.00                                0.966                       1.180
N225                2.00                               0.016              1.25                               0.730               1.00                                0.984                       1.284
BMW                 1.00                               0.976              1.25                               0.954               1.00                                0.944                       0.843
AAPL                0.75                               0.992              0.75                               0.742               0.50                                0.264                       1.581
JPM                 1.50                               0.536              1.00                               0.966               1.00                                0.994                       1.049
XOM                 1.50                               0.292              2.00                               0.106               1.25                                0.944                       0.926
USDJPY              2.50                               0.406              1.00                               0.928               1.00                                0.818                       1.503
GBPUSD              1.50                               0.426              1.25                               0.630               1.25                                0.712                       0.684
EURUSD              1.00                               0.876              1.00                               0.958               1.25                                0.880                       0.649
UST10               1.25                               0.488              1.25                               0.850               1.00                                0.888                       0.991
BRENT               1.50                               0.320              1.00                               0.814               0.75                                0.962                       1.172
GOLD                2.00                               0.004              1.00                               0.948               1.00                                0.946                       0.989
BTC                 0.75                               0.464              0.50                               0.450               0.25                                0.034                       1.986
