        S20 1990-1999  S20 std 1990-1999  S20 2000-2009  S20 std 2000-2009  S20 2010-2019  S20 std 2010-2019  S20 2020-2025  S20 std 2020-2025  corr(rolling S20, rolling vol)  rolling S20 min  rolling S20 max
asset                                                                                                                                                                                                           
SPX              2.88               1.07           5.98               2.98           3.56               2.86           5.54               5.00                            0.68             0.51             7.92
DAX              3.67               2.59           5.25               2.90           3.25               2.40           3.64               3.29                            0.67             0.99             7.34
N225             2.88               2.77           4.45               2.78           2.31               2.17           1.75               2.31                            0.61             0.95             6.64
BMW              1.66                NaN           4.01               2.02           2.72               1.28           2.45               2.21                           -0.05             1.13             6.08
AAPL             0.91               0.53           2.13               1.34           1.43               1.38           3.13               3.01                           -0.36             0.25             4.31
JPM              2.92               1.65           6.27               2.75           3.49               2.06           4.91               3.63                            0.53             0.86             8.00
XOM              1.80               0.68           4.25               2.83           2.30               1.92           3.90               3.54                            0.67             0.35             6.62
USDJPY           2.21               1.62           1.66               0.99           1.78               1.34           2.09               1.88                            0.23             0.24             3.23
GBPUSD           2.68               1.35           3.60               1.60           1.58               1.28           2.63               2.16                            0.87             0.45             4.47
EURUSD            NaN                NaN           2.10               1.28           2.22               1.31           1.84               2.12                            0.07             0.45             3.40
UST10            0.81               1.01           2.43               1.23           2.12               1.14           2.63               2.42                            0.23             0.67             3.73
BRENT            2.84               2.29           1.89               1.28           2.56               1.63           5.30               4.11                            0.50             0.15             5.61
GOLD              NaN                NaN           2.99               1.83           1.77               1.05           1.74               1.86                            0.74             0.48             3.28
BTC               NaN                NaN            NaN                NaN           3.24               2.62           1.73               1.36                            0.65             0.80             3.81
